2
11
17
31
56
63
94
110
127
152
180
237
253
255
271
275
303
315
328
365
393
428
457
467
480
486
500
505
541
603
617
625
638
645
657
695
764
785
800
815
851
874
908
917
949
992
1009
1021
1052
1053
1083
1112
1139
1141
1165
1198
1211
1253
1256
1278
1300
1311
1342
1379
1405
1420
1438
1451
1474
1498
1568
1592
1604
1651
1688
1719
1729
1762
1768
1786
1793
1823
1842
1847
1856
1865
1875
1901
1917
1932
1941
1956
1961
1963
1970
1988
2016
2036
2064
2081
2092
2099
2105
2159
2161
2183
2187
2220
2232
2247
2254
2258
2302
2308
2342
2412
2418
2430
2440
2443
2459
2464
2487
2532
2554
2568
2596
2606
2620
2631
2659
2668
2675
2692
2708
2745
2761
2795
2810
2875
2900
2924
2933
2952
2957
3001
3031
3045
3080
3104
3134
3163
3176
3183
3213
3229
3232
3256
3292
3325
3371
3379
3385
3406
3439
3464
3474
3497
3535
3543
3559
3571
3583
3624
3638
3648
3656
3665
3686
3690
3699
3731
3746
3771
3797
3801
3811
3824
3838
3860
3866
3880
3924
3933
3937
3947
3992
4000
4012
4034
4067
4100
4179
4181
4204
4238
4260
4263
4288
4314
4320
4350
4406
4435
4438
4476
4487
4543
4550
4568
4585
4608
4639
4643
4679
4723
4732
4745
4786
4798
4810
4829
4844
4898
4907
4919
4948
4990
4993
5023
5041
5063
5077
5085
5121
5142
5157
5173
5191
5193
5217
5230
5245
5263
5267
5287
5294
5300
5316
5333
5340
5369
5380
5407
5411
5433
5454
5495
5509
5522
5543
5562
5598
5644
5669
5687
5701
5714
5738
5753
5762
5768
5780
5790
5798
5807
5856
5868
5874
5894
5927
5935
5954
5966
5968
6004
6011
6025
6030
6039
6077
6085
6098
6115
6118
6130
6144
6171
6175
6194
