0
3
6
10
16
20
23
33
36
39
48
49
62
67
69
75
89
90
92
101
103
105
112
122
125
133
135
139
143
153
157
168
170
172
177
185
188
189
195
197
199
210
217
224
226
228
229
232
235
237
239
241
244
245
247
264
267
279
280
285
289
294
302
304
308
318
325
328
330
331
333
337
340
342
345
353
361
365
370
372
374
386
389
397
405
407
412
418
436
440
447
456
472
473
494
506
511
514
517
528
535
537
540
547
550
556
562
568
574
581
584
585
593
594
600
602
615
620
628
633
643
647
648
651
655
662
666
675
681
688
694
697
705
712
715
718
727
731
735
747
759
763
770
774
781
794
802
803
804
808
817
824
829
830
834
841
847
850
855
860
866
869
871
873
876
879
881
883
885
888
889
894
896
899
903
906
910
913
917
920
923
926
928
931
936
939
943
953
956
957
960
962
967
971
975
977
981
984
987
