1
4
7
9
17
19
21
28
30
32
35
40
42
44
51
54
58
64
66
67
68
72
78
84
85
90
107
113
115
121
125
131
132
134
145
148
149
153
157
163
169
175
186
188
203
204
209
211
216
218
223
230
234
236
239
240
242
248
261
266
270
278
280
283
289
299
300
301
303
311
314
319
323
332
343
348
353
354
361
362
364
368
375
377
383
392
396
402
410
416
418
420
430
436
438
442
447
458
459
462
471
475
487
490
496
500
505
508
517
531
532
538
542
546
550
551
553
555
558
570
573
577
592
595
609
611
613
624
640
651
659
666
673
676
681
687
689
692
698
702
703
708
710
713
717
731
735
744
755
756
760
763
773
782
786
794
804
808
811
813
818
834
837
843
847
853
861
862
882
887
891
897
900
905
913
917
919
931
933
936
943
948
951
956
966
969
975
981
985
988
989
996
997
1002
1005
1006
1009
1015
1020
1025
1034
1038
1043
1047
1050
1057
1064
1066
1071
1078
1081
1088
1096
1101
1103
1109
1110
1115
1130
1134
1142
1146
1150
1159
1163
1164
1170
1174
1182
1187
1197
1202
1211
1214
1222
1223
1227
1229
1233
1240
1241
1242
1248
1250
1252
1254
1262
1268
1271
1272
1273
1275
1278
1283
1287
1289
1293
1296
1301
1305
1308
1315
1321
1326
1328
1332
1335
1350
1351
1359
1365
1368
1371
1375
1377
1384
1390
1392
1397
1401
1404
1414
1418
1425
1432
1436
1439
1444
1446
1451
1452
1455
1460
1464
1471
1473
1478
1481
1483
1489
1492
1501
1508
1518
1526
1534
1535
1540
1541
1549
1555
1559
1562
1575
1579
1581
1589
1594
1600
1610
1621
1622
1627
1631
1634
1637
1645
1650
1651
1660
1665
1666
1681
1690
1694
1699
1716
1722
1724
1725
1727
1729
1734
1743
1746
1749
1754
1757
1759
1762
1767
1780
1790
1810
1814
1819
1820
1829
1832
1838
1844
1848
1851
1855
1861
1864
1868
1871
1874
1878
1881
1884
1887
1891
1894
1898
1903
1908
1911
1913
1919
1926
1927
1933
1943
1946
1949
1952
1958
1961
1963
1967
1972
1976
1981
1984
1988
1992
2000
2003
2010
2017
2018
2021
2023
2046
2052
2059
2061
2064
2066
2068
2076
2079
2082
2087
2093
2099
2102
2110
2130
2132
2144
2146
2154
2160
2163
2165
2169
2174
2178
2181
2186
2189
2192
2196
2198
2206
2212
2214
2215
2224
2237
2239
2244
2257
2261
2267
2282
2286
2300
2305
2311
2316
2328
2335
2336
2341
2344
2347
2352
2358
2367
2373
2380
2382
2388
2395
2397
2409
2411
2413
2416
2418
2421
2424
2427
2429
2432
2435
2440
2443
2447
2452
2453
2456
2458
2461
2464
2475
2476
2482
2492
2503
2506
2510
2522
2540
2541
2543
2545
2549
2554
2557
2569
2570
2573
2587
2591
2599
2604
2607
2611
2612
2616
2625
2627
2629
2632
2634
2636
2649
2652
2665
2667
2679
2684
2690
2694
2698
2700
2703
2706
2709
2713
2718
2722
2724
2727
2732
2735
2737
2739
2741
2744
2749
2752
2758
2764
2780
2787
2791
2799
2803
2807
2819
2822
2825
2829
2832
2835
2843
2854
2858
2863
2869
2873
2876
2887
2891
2893
2895
2904
2908
2910
2911
2915
2921
2924
2926
2931
2940
2947
2951
2964
2970
2977
2980
2986
2998
3001
3002
3008
3015
3025
3028
3032
3033
3037
3044
3045
3052
3055
3061
3065
3072
3078
3079
3085
3088
3089
3096
3099
3102
3106
3113
3114
3118
3124
3125
3129
3130
3132
3137
3140
3150
3153
3154
3159
3164
3167
3171
3178
3180
3192
3193
3197
3202
3203
3205
3212
3219
3224
3236
3240
3248
3253
3273
3274
3288
3291
3296
3303
3306
3309
3313
3326
3330
3332
3333
3336
3348
3356
3361
3363
3364
3373
3376
3380
3382
3386
3388
3391
3401
3407
3412
3416
3423
3426
3430
3434
3437
3444
3445
3452
3461
3465
3470
3475
3477
3478
3480
3486
3489
3493
3497
3501
3503
3505
3508
3512
3514
3518
3522
3536
3539
3545
3550
3554
3558
3561
3564
3567
3573
3575
3583
3586
3594
3601
3603
3606
3612
3622
3630
3633
3637
3640
3644
3646
3649
3652
3655
3659
3663
3664
3667
3670
3676
3692
3696
3697
3699
3709
3711
3714
3723
3727
3729
3730
3749
3751
3760
3763
3768
3770
3773
3781
3784
3789
3795
3799
3806
3815
3819
3828
3829
3832
3834
3836
3840
3843
3846
3855
3860
3864
3867
3869
3870
3883
3886
3888
3894
3900
3903
3906
3910
3911
3914
3916
3919
3927
3935
3937
3944
3951
3952
3961
3971
3976
3977
3985
3988
3991
4006
4009
4016
4029
4036
4049
4052
4053
4057
4060
4069
4070
4075
4076
4094
4100
4106
4109
4111
4115
4117
4127
4135
4136
4147
4152
4160
4165
4172
4176
4178
4186
4192
4218
4223
4227
4240
4246
4249
4267
4268
4271
4295
4298
4308
4312
4318
4324
4328
4331
4339
4349
4363
4368
4382
4400
4404
4409
4412
4417
4420
4424
4430
4444
4456
4457
4466
4471
4476
4485
4490
4495
4498
4499
4503
4508
4510
4512
4513
4517
4525
4527
4552
4553
4555
4561
4566
4571
4575
4582
4584
4587
4591
4607
4625
4631
4632
4649
4652
4657
4659
4662
4665
4678
4694
4696
4711
4718
4723
4728
4732
4737
4740
4747
4754
4758
4763
4767
4769
4775
4788
4791
4797
4800
4803
4807
4812
4815
4820
4825
4830
4834
4839
4847
4848
4853
4856
4868
4871
4876
4878
4884
4890
4892
4898
4901
4903
4911
4917
4919
4925
4929
4931
4933
4936
4940
4950
4958
4961
4963
4968
4970
4973
4984
4985
4991
4993
4997
4998
5004
5008
5011
5017
5019
5021
5023
5026
5028
5032
5035
5038
5045
5051
5057
5064
5069
5079
5085
5089
5093
5103
5106
5107
5113
5118
5126
5127
5129
5133
5134
5136
5138
5141
5145
5152
5155
5158
5162
5167
5173
5178
5179
5180
5183
5193
5198
5202
5204
5212
5216
5223
5228
5247
5251
5258
5261
5262
5265
5269
5273
5279
5282
5290
5299
5305
5315
5319
5323
5340
5350
5351
5357
5360
5365
5370
5375
5381
5386
5392
5396
5406
5407
5411
5414
5416
5418
5428
5443
5451
5454
5456
5467
5470
5474
5477
5479
5483
5489
5491
5495
5499
5502
5508
5510
5514
5521
5527
5533
5536
5545
5563
5565
5568
5573
5581
5583
5589
5602
5604
5612
5616
5617
5619
5632
5635
5647
5650
5653
5657
5667
5676
5679
5686
5687
5690
5693
5696
5699
5701
5705
5707
5712
5713
5719
5722
5728
5744
5745
5747
5751
5754
5758
5760
5763
5768
5772
5776
5780
5784
5787
5790
5793
5796
5799
5804
5805
5811
5815
5819
5827
5837
5840
5841
5842
5848
5850
5853
5854
5864
5871
5876
5877
5880
5882
5886
5887
5889
5890
5896
5900
5904
5905
5913
5925
5929
5933
5937
5939
5940
5941
5946
5948
5950
5951
5956
5965
5972
5978
5979
5980
5988
5993
6002
6003
6004
6005
6006
6012
6023
6026
6029
6034
6039
6042
6043
6049
6050
6058
6059
6060
6067
6069
6073
6075
6077
6078
6080
6083
6084
6087
6092
6099
6104
6107
6112
6114
6117
6119
6123
6130
6133
6136
6141
6146
6151
6156
6158
6169
6178
6182
6183
6184
6185
6188
6195
6196
