2
9
22
28
32
42
66
67
69
78
92
98
103
119
132
137
144
162
170
178
188
190
193
194
203
211
225
230
235
239
253
266
280
286
300
302
318
330
336
342
367
382
385
414
421
430
437
446
452
466
474
484
489
491
497
500
527
537
546
551
555
566
595
607
619
629
643
648
650
663
674
678
687
716
720
735
749
766
778
786
794
804
826
835
836
854
859
862
871
883
888
892
897
903
913
927
950
955
962
976
992
994
1002
1015
1025
1035
1051
1063
1093
1099
1104
1109
1124
1135
1147
1153
1157
1158
1169
1175
1192
1201
1216
1227
1234
1242
1263
1275
1285
1287
1289
1309
1317
1327
1330
1342
1348
1353
1363
1382
1401
1404
1416
1421
1422
1439
1446
1468
1472
1497
1523
1533
1539
1573
1587
1589
1594
1607
1614
1630
1637
1642
1658
1677
1718
1736
1742
1747
1756
1773
1781
1786
1788
1792
1807
1819
1820
1837
1845
1849
1854
1860
1864
1869
1873
1878
1884
1889
1903
1908
1918
1925
1929
1941
1946
1953
1965
1970
1976
1986
1992
2000
2008
2011
2017
2027
2043
2046
2062
2064
2067
2079
2088
2099
2102
2110
2122
2141
2154
2158
2161
2165
2174
2181
2186
2206
2214
2215
2216
2232
2244
2247
2260
2268
2284
2300
2302
2318
2325
2339
2388
2397
2412
2419
2421
2427
2429
2432
2443
2455
2457
2459
2464
2484
2497
2510
2525
2533
2535
2538
2549
2558
2563
2566
2569
2571
2581
2594
2603
2604
2612
2631
2634
2650
2671
2696
2706
2711
2720
2722
2728
2735
2738
2742
2745
2749
2762
2778
2795
2803
2813
2816
2827
2861
2878
2887
2896
2910
2913
2914
2921
2929
2946
2962
2969
2981
2986
3000
3001
3006
3013
3016
3030
3046
3052
3061
3069
3081
3088
3089
3104
3114
3136
3159
3165
3171
3189
3191
3195
3218
3235
3269
3279
3291
3294
3313
3322
3326
3335
3348
3355
3365
3369
3371
3375
3380
3382
3386
3403
3422
3436
3453
3460
3476
3481
3490
3495
3506
3507
3512
3534
3546
3554
3561
3565
3573
3583
3588
3638
3644
3650
3656
3664
3668
3674
3699
3727
3744
3760
3763
3767
3769
3777
3794
3798
3801
3806
3814
3824
3832
3837
3840
3847
3859
3867
3885
3886
3889
3893
3914
3919
3925
3933
3939
3972
3987
4000
4006
4009
4016
4025
4035
4047
4055
4090
4098
4152
4160
4204
4211
4217
4219
4223
4236
4246
4253
4281
4285
4299
4303
4311
4316
4320
4346
4356
4377
4379
4398
4404
4409
4424
4441
4444
4461
4472
4492
4499
4507
4529
4534
4539
4550
4566
4572
4585
4587
4591
4635
4646
4674
4678
4720
4731
4735
4742
4746
4764
4775
4779
4784
4789
4797
4804
4810
4817
4829
4842
4854
4861
4863
4867
4875
4881
4888
4893
4900
4905
4914
4929
4934
4943
4951
4964
4969
4976
5002
5007
5013
5017
5021
5026
5035
5049
5060
5075
5080
5096
5105
5107
5126
5127
5141
5160
5163
5167
5175
5179
5187
5203
5206
5213
5214
5215
5228
5257
5259
5267
5270
5283
5295
5308
5333
5341
5349
5351
5371
5375
5381
5387
5398
5406
5413
5433
5438
5465
5487
5506
5511
5514
5517
5533
5549
5566
5592
5597
5605
5610
5618
5646
5651
5682
5687
5703
5707
5710
5729
5740
5747
5753
5762
5771
5778
5785
5788
5793
5797
5800
5814
5818
5824
5826
5828
5836
5854
5860
5864
5895
5927
5930
5938
5949
5953
5966
5969
5979
5987
6002
6004
6011
6024
6029
6032
6034
6051
6062
6069
6077
6080
6090
6101
6106
6119
6121
6160
6170
6178
6182
6183
6185
6186
